6717
6719
6710
6721
6714
6715
21307
24932
6701

20236
20238
20229
20240
20233
20234
21308
24933
20220

20291
20293
20284
20295
20288
20289
21309
24934
20275

20102
20104
20095
20106
20099
20100
21310
24935
20086

20807
20809
20800
20811
20804
20805
21311
24936
20791

6560
6562
6553
6564
6557
6558
21312
24938
6544

20865
20867
20858
20869
20862
20863
21313
24939
20849

22151
22153
22144
22155
22148
22149
22200
24943
22135

6509
6511
6502
6513
6506
6507
21315
24944
6492

6613
6615
6606
6617
6610
6611
21316
24944
6597

20161
20163
20154
20165
20158
20159
21318
24949
20145

22311
22313
22304
22315
22308
22309
22360
24952
22295

24632
24631
24625
24641
24633
24630
24693
24953
24616

27252
27254
27248
27256
27266
27272
27231

25461
25463
25464
25465
25458
25457
25478
25486
25436

20401
20403
20394
20405
20398
20399
21319
24959
20385

6665
6667
6658
6669
6662
6663
21320
24961
6649

21630
21632
21623
21634
21627
21628
21679
24953
21614
